0	28.2	-22.8	0.1	3.1
5	30.4	-22.6	0.1	3.1
10	29.2	-22.4	0.1	3.1
15	29.8	-22.2	0.1	3.1
20	32.4	-22.0	0.1	3.1
25	31.1	-21.8	0.1	3.1
30	35.4	-21.6	0.1	3.1
35	37.5	-21.4	0.1	3.1
40	38.6	-21.2	0.1	3.1
45	42.0	-21.0	0.1	3.1
50	42.0	-20.8	0.1	3.1
55	39.8	-20.6	0.1	3.1
60	38.0	-20.4	0.1	3.1
65	38.8	-20.2	0.1	3.1
70	38.5	-20.0	0.1	3.1
75	38.3	-19.8	0.1	3.1
80	37.4	-19.6	0.1	3.1
85	33.8	-19.4	0.1	3.1
90	18.6	-19.2	0.1	3.0
95	14.8	-19.0	0.1	3.0
100	11.8	-18.8	0.1	3.0
105	10.8	-18.6	0.1	3.0
110	9.7	-18.4	0.1	3.0
115	8.7	-18.2	0.1	3.0
120	4.9	-18.0	0.1	3.0
125	4.0	-17.8	0.1	3.0
130	2.8	-17.6	0.1	3.0
135	2.1	-17.4	0.1	3.0
140	1.3	-17.2	0.1	3.0
145	1.1	-17.0	0.1	3.0
150	1.2	-16.8	0.1	3.0
155	1.2	-16.6	0.1	3.0
160	1.2	-16.4	0.1	3.0
165	1.2	-16.2	0.1	3.0
170	1.2	-16.0	0.1	3.0
175	1.4	-15.8	0.1	3.0
180	2.9	-15.6	0.1	3.0
185	13.0	-15.4	0.1	3.0
190	17.9	-15.2	0.1	3.0
195	27.3	-15.0	0.1	3.1
200	35.4	-14.8	0.1	3.1
205	33.9	-14.6	0.1	3.1
210	36.5	-14.4	0.1	3.1
215	52.2	-14.2	0.1	3.1
220	56.1	-14.0	0.1	3.1
225	62.8	-13.8	0.1	3.1
230	62.3	-13.6	0.1	3.1
235	62.7	-13.4	0.1	3.1
240	91.1	-13.2	0.1	3.2
245	100.5	-13.0	0.1	3.2
250	107.4	-12.8	0.1	3.2
255	118.2	-12.6	0.1	3.2
260	128.3	-12.4	0.1	3.3
265	130.1	-12.2	0.1	3.3
270	125.2	-12.0	0.1	3.3
275	132.2	-11.8	0.1	3.3
280	132.7	-11.6	0.1	3.3
285	127.7	-11.4	0.1	3.3
290	123.3	-11.2	0.1	3.2
295	116.3	-11.0	0.1	3.2
300	111.9	-10.8	0.1	3.2
305	107.6	-10.6	0.1	3.2
310	109.7	-10.4	0.1	3.2
315	109.7	-10.2	0.1	3.2
320	107.5	-10.0	0.1	3.2
325	67.5	-9.8	0.1	3.1
330	49.2	-9.6	0.1	3.1
335	34.9	-9.4	0.1	3.1
340	20.9	-9.2	0.1	3.0
345	13.2	-9.0	0.1	3.0
350	9.9	-8.8	0.1	3.0
355	10.7	-8.6	0.1	3.0
360	6.5	-8.4	0.1	3.0
365	6.5	-8.2	0.1	3.0
370	8.5	-8.0	0.1	3.0
375	14.2	-7.8	0.1	3.0
380	23.4	-7.6	0.1	3.0
385	41.2	-7.4	0.1	3.1
390	82.1	-7.2	0.1	3.2
395	147.6	-7.0	0.1	3.3
400	215.3	-6.8	0.1	3.4
405	287.1	-6.6	0.1	3.6
410	392.0	-6.4	0.1	3.8
415	423.0	-6.2	1.0	30.8
420	400.0	-6.0	1.0	30.8
425	642.0	-5.8	1.0	31.3
430	980.0	-5.6	1.0	32.0
435	1079.0	-5.4	1.0	32.2
440	1106.0	-5.2	1.0	32.2
445	1159.0	-5.0	1.0	32.3
450	1187.0	-4.8	1.0	32.4
455	1368.0	-4.6	1.0	32.7
460	1572.0	-4.4	1.0	33.1
465	1880.0	-4.2	1.0	33.8
470	2117.0	-4.0	1.0	34.2
475	2404.0	-3.8	1.0	34.8
480	2612.0	-3.6	1.0	35.2
485	2633.0	-3.4	1.0	35.3
490	2523.0	-3.2	1.0	35.0
495	2521.0	-3.0	1.0	35.0
500	2522.0	-2.8	1.0	35.0
505	2268.0	-2.6	1.0	34.5
510	2132.0	-2.4	1.0	34.3
515	1906.0	-2.2	1.0	33.8
520	1788.0	-2.0	1.0	33.6
525	2023.0	-1.8	1.0	34.0
530	2186.0	-1.6	1.0	34.4
535	1805.0	-1.4	1.0	33.6
540	1788.0	-1.2	1.0	33.6
545	1752.0	-1.0	1.0	33.5
550	1755.0	-0.8	1.0	33.5
555	2359.0	-0.6	1.0	34.7
560	3058.0	-0.4	1.0	36.1
565	3407.0	-0.2	1.0	36.8
570	3728.0	0.0	1.0	37.5
575	3648.0	0.2	1.0	37.3
580	3452.0	0.4	1.0	36.9
585	2988.0	0.6	1.0	36.0
590	1303.0	0.8	1.0	32.6
595	612.0	1.0	1.0	31.2
600	2812.0	1.2	1.0	35.6
605	1272.0	1.4	1.0	32.5
610	1039.0	1.6	1.0	32.1
615	1066.0	1.8	1.0	32.1
620	1023.0	2.0	1.0	32.0
625	1147.0	2.2	1.0	32.3
630	1341.0	2.4	1.0	32.7
635	1336.0	2.6	1.0	32.7
640	1330.0	2.8	1.0	32.7
645	1215.0	3.0	1.0	32.4
650	1171.0	3.2	1.0	32.3
655	1054.0	3.4	1.0	32.1
660	1069.0	3.6	1.0	32.1
665	1077.0	3.8	1.0	32.2
670	1024.0	4.0	1.0	32.0
675	565.0	4.2	1.0	31.1
680	512.0	4.4	1.0	31.0
685	478.0	4.6	1.0	31.0
690	448.0	4.8	1.0	30.9
695	442.0	5.0	1.0	30.9
700	506.0	5.2	1.0	31.0
705	343.2	5.4	0.1	3.7
710	281.2	5.6	0.1	3.6
715	262.4	5.8	0.1	3.5
720	182.2	6.0	0.1	3.4
725	137.8	6.2	0.1	3.3
730	104.6	6.4	0.1	3.2
735	83.7	6.6	0.1	3.2
740	52.3	6.8	0.1	3.1
745	39.3	7.0	0.1	3.1
750	30.1	7.2	0.1	3.1
755	25.1	7.4	0.1	3.1
760	17.6	7.6	0.1	3.0
765	12.0	7.8	0.1	3.0
770	9.1	8.0	0.1	3.0
775	6.6	8.2	0.1	3.0
780	4.2	8.4	0.1	3.0
785	2.9	8.6	0.1	3.0
790	2.3	8.8	0.1	3.0
795	2.3	9.0	0.1	3.0
800	2.5	9.2	0.1	3.0
805	2.5	9.4	0.1	3.0
810	2.6	9.6	0.1	3.0
815	6.2	9.8	0.1	3.0
820	8.1	10.0	0.1	3.0
825	10.2	10.2	0.1	3.0
830	12.4	10.4	0.1	3.0
835	8.0	10.6	0.1	3.0
840	9.4	10.8	0.1	3.0
845	11.5	11.0	0.1	3.0
850	15.4	11.2	0.1	3.0
855	22.4	11.4	0.1	3.0
860	22.1	11.6	0.1	3.0
865	21.5	11.8	0.1	3.0
870	22.8	12.0	0.1	3.0
875	22.3	12.2	0.1	3.0
880	19.4	12.4	0.1	3.0
885	17.8	12.6	0.1	3.0
890	16.7	12.8	0.1	3.0
895	16.8	13.0	0.1	3.0
900	16.1	13.2	0.1	3.0
905	15.7	13.4	0.1	3.0
910	15.1	13.6	0.1	3.0
915	14.8	13.8	0.1	3.0
920	15.0	14.0	0.1	3.0
925	6.9	14.2	0.1	3.0
930	5.0	14.4	0.1	3.0
935	5.0	14.6	0.1	3.0
940	4.0	14.8	0.1	3.0
945	4.7	15.0	0.1	3.0
950	7.2	15.2	0.1	3.0
955	5.9	15.4	0.1	3.0
960	2.3	15.6	0.1	3.0
965	2.0	15.8	0.1	3.0
970	1.7	16.0	0.1	3.0
975	1.4	16.2	0.1	3.0
980	1.0	16.4	0.1	3.0
985	0.9	16.6	0.1	3.0
990	0.9	16.8	0.1	3.0
995	0.7	17.0	0.1	3.0
1000	0.8	17.2	0.1	3.0
1005	1.0	17.4	0.1	3.0
1010	1.2	17.6	0.1	3.0
1015	1.5	17.8	0.1	3.0
1020	0.8	18.0	0.1	3.0
1025	1.0	18.2	0.1	3.0
1030	1.5	18.4	0.1	3.0
1035	2.4	18.6	0.1	3.0
1040	2.5	18.8	0.1	3.0
1045	2.5	19.0	0.1	3.0
1050	2.7	19.2	0.1	3.0
1055	3.0	19.4	0.1	3.0
1060	2.5	19.6	0.1	3.0
1065	2.6	19.8	0.1	3.0
1070	2.7	20.0	0.1	3.0
1075	3.0	20.2	0.1	3.0

